revolutions =10.0
iterationMode =0
deltaPsiMode =1
itrs =10
charge =4.8032068E-10
mass =9.109383E-28
t =1.000000E-23
Hbar =1.05457266E-27 
Type =2
logPerod =1000
TimeStamp =22.07.28_00.26.58
